ITS2 type profile UID		28699	28764	29177	29179	29181	28952	29067	29233	29361	29176	29883	29006	28916
Clade		A	B	C	C	C	C	C	C	C	C	C	C	C
Majority ITS2 sequence		A4/A4a	B18b	C3	C3/C3dm	C3/C3cd	C21	C3	C3cd/C3	C3cd	C3	C3dm	C1	C3
Associated species		S. linucheae	None	None	None	None	None	None	None	None	None	None	S. goreaui	None
ITS2 type abundance local		1	1	193	19	18	4	3	3	3	3	2	2	2
ITS2 type abundance DB		5	1	193	19	18	28	27	3	3	3	2	15	80
ITS2 type profile		A4/A4a	B18b	C3-C3de-C3bb-C21ae-C3an-C3s-C3dk	C3/C3dm-C3de-C3bb-C21ae-C3cd-C3an-C3s-C3dk	C3/C3cd-C3de-C3dn-C3bb-C21ae-C3an	C21	C3-C3b	C3cd/C3-C3dn	C3cd	C3-C3de-C3an-C3bb-C21ae-C3s	C3dm	C1-C21	C3
48014	CBC_189	0	0	1911	0	0	0	0	0	0	0	0	0	0
48022	CBC_197	0	0	2158	0	0	0	0	0	0	0	0	0	0
47847	CBC_022	0	0	17959	0	0	0	0	0	0	0	0	0	0
48016	CBC_191	0	0	32031	0	0	0	0	0	0	0	0	0	0
47971	CBC_146	0	0	62800	0	0	0	0	0	0	0	0	0	0
48056	CBC_231	0	0	15403	0	0	0	0	0	0	0	0	0	0
48033	CBC_208	0	0	9686	0	0	0	0	0	0	0	0	0	0
48011	CBC_186	0	0	4223	0	0	0	0	0	0	0	0	0	0
48041	CBC_216	0	0	63912	0	0	0	0	0	0	0	0	0	0
48036	CBC_211	0	0	49071	0	0	0	0	0	0	0	0	0	0
47952	CBC_127	0	0	78835	0	0	0	0	0	0	0	0	0	0
47834	CBC_009	0	0	82283	0	0	0	0	0	0	0	0	0	0
48043	CBC_218	0	0	95838	0	0	0	0	0	0	0	0	0	0
48037	CBC_212	0	0	8549	0	0	0	0	0	0	0	0	0	0
47956	CBC_131	0	0	28462	0	0	0	0	0	0	0	0	0	0
47828	CBC_003	0	0	97048	0	0	0	0	0	0	0	0	0	0
48040	CBC_215	0	0	20364	0	0	0	0	0	0	0	0	0	0
48025	CBC_200	0	0	37004	0	0	0	0	0	0	0	0	0	0
47892	CBC_067	0	0	5690	0	0	0	0	0	0	0	0	0	0
48042	CBC_217	0	0	62839	0	0	0	0	0	0	0	0	0	0
47841	CBC_016	0	0	34465	0	0	0	0	0	0	0	0	0	0
48046	CBC_221	0	0	107596	0	0	0	0	0	0	0	0	0	0
48015	CBC_190	0	0	258509	0	0	0	0	0	0	0	0	0	0
48032	CBC_207	0	0	53054	0	0	0	0	0	0	0	0	0	0
47950	CBC_125	0	0	104289	0	0	0	0	0	0	0	0	0	0
47932	CBC_107	0	0	4075	0	0	0	0	0	0	0	0	0	0
48053	CBC_228	0	0	184207	0	0	0	0	0	0	0	0	0	0
48039	CBC_214	0	0	94497	0	0	0	0	0	0	0	0	0	0
47829	CBC_004	0	0	193057	0	0	0	0	0	0	0	0	0	0
48049	CBC_224	0	0	132366	0	0	0	0	0	0	0	0	0	0
47842	CBC_017	0	0	149864	0	0	0	0	0	0	0	0	0	0
47839	CBC_014	0	0	92568	0	0	0	0	0	0	0	0	0	0
47843	CBC_018	0	0	126339	0	0	0	0	0	0	0	0	0	0
47953	CBC_128	0	0	151249	0	0	0	0	0	0	0	0	0	0
47949	CBC_124	0	0	111774	0	0	0	0	0	0	0	0	0	0
47872	CBC_047	0	0	133365	0	0	0	0	0	0	0	0	0	0
48052	CBC_227	0	0	79361	0	0	0	0	0	0	0	0	0	0
48044	CBC_219	0	0	103477	0	0	0	0	0	0	0	0	0	0
48034	CBC_209	0	0	119621	0	0	0	0	0	0	0	0	0	0
47962	CBC_137	0	0	31894	0	0	0	0	0	0	0	0	0	0
47832	CBC_007	0	0	112755	0	0	0	0	0	0	0	0	0	0
48038	CBC_213	0	0	241376	0	0	0	0	0	0	0	0	0	0
47989	CBC_164	0	0	128598	0	0	0	0	0	0	0	0	0	0
47964	CBC_139	0	0	112544	0	0	0	0	0	0	0	0	0	0
47960	CBC_135	0	0	111692	0	0	0	0	0	0	0	0	0	0
47931	CBC_106	0	0	31555	0	0	0	0	0	0	0	0	0	0
47895	CBC_070	0	0	100629	0	0	0	0	0	0	0	0	0	0
47951	CBC_126	0	0	99711	0	0	0	0	0	0	0	0	0	0
47837	CBC_012	0	0	204245	0	0	0	0	0	0	0	0	0	0
48047	CBC_222	0	0	125087	0	0	0	0	0	0	0	0	0	0
48018	CBC_193	0	0	62091	0	0	0	0	0	0	0	0	0	0
47963	CBC_138	0	0	21573	0	0	0	0	0	0	0	0	0	0
47955	CBC_130	0	0	177927	0	0	0	0	0	0	0	0	0	0
47994	CBC_169	0	0	26337	0	0	0	0	0	0	0	0	0	0
48029	CBC_204	0	0	95831	0	0	0	0	0	0	0	0	0	0
47957	CBC_132	0	0	175356	0	0	0	0	0	0	0	0	0	0
47936	CBC_111	0	0	152997	0	0	0	0	0	0	0	0	0	0
47894	CBC_069	0	0	135361	0	0	0	0	0	0	0	0	0	0
48017	CBC_192	0	0	168710	0	0	0	0	0	0	0	0	0	0
47975	CBC_150	0	0	56121	0	0	0	0	0	0	0	0	0	0
47917	CBC_092	0	0	145187	0	0	0	0	0	0	0	0	0	0
47887	CBC_062	0	0	96326	0	0	0	0	0	0	0	0	0	0
48065	CBC_241	0	0	152038	0	0	0	0	0	0	0	0	0	0
48006	CBC_181	0	0	80794	0	0	0	0	0	0	0	0	0	0
47893	CBC_068	0	0	163920	0	0	0	0	0	0	0	0	0	0
48050	CBC_225	0	0	269263	0	0	0	0	0	0	0	0	0	0
48020	CBC_195	0	0	63528	0	0	0	0	0	0	0	0	0	0
47902	CBC_077	0	0	90684	0	0	0	0	0	0	0	0	0	0
48003	CBC_178	0	0	114229	0	0	0	0	0	0	0	0	0	0
47826	CBC_001	0	0	25006	0	0	0	0	0	0	0	0	0	0
48031	CBC_206	0	0	137974	0	0	0	0	0	0	0	0	0	0
47966	CBC_141	0	0	11681	0	0	0	0	0	0	0	0	0	0
47891	CBC_066	0	0	229191	0	0	0	0	0	0	0	0	0	0
47996	CBC_171	0	0	142745	0	0	0	0	0	0	0	0	0	0
47948	CBC_123	0	0	104177	0	0	0	0	0	0	0	0	0	0
47906	CBC_081	0	0	99652	0	0	0	0	0	0	0	0	0	0
47900	CBC_075	0	0	125081	0	0	0	0	0	0	0	0	0	0
47871	CBC_046	0	0	31310	0	0	0	0	0	0	0	0	0	0
48026	CBC_201	0	0	175516	0	0	0	0	0	0	0	0	0	0
47999	CBC_174	0	0	119455	0	0	0	0	0	0	0	0	0	0
47897	CBC_072	0	0	130399	0	0	0	0	0	0	0	0	0	0
48030	CBC_205	0	0	90973	0	0	0	0	0	0	0	0	0	0
47890	CBC_065	0	0	38186	0	0	0	0	0	0	0	0	0	0
47886	CBC_061	0	0	235492	0	0	0	0	0	0	0	0	0	0
47915	CBC_090	0	0	175603	0	0	0	0	0	0	0	0	0	0
47874	CBC_049	0	0	36179	0	0	0	0	0	0	0	0	0	0
48023	CBC_198	0	0	131807	0	0	0	0	0	0	0	0	0	0
48058	CBC_233	0	0	43014	0	0	0	0	0	0	0	0	0	0
48028	CBC_203	0	0	78127	0	0	0	0	0	0	0	0	0	0
48010	CBC_185	0	0	20270	0	0	0	0	0	0	0	0	0	0
47983	CBC_158	0	0	98359	0	0	0	0	0	0	0	0	0	0
47930	CBC_105	0	0	78383	0	0	0	0	0	0	0	0	0	0
48063	CBC_239	0	0	64106	0	0	0	0	0	0	0	0	0	0
47997	CBC_172	0	0	81540	0	0	0	0	0	0	0	0	0	0
47991	CBC_166	0	0	100225	0	0	0	0	0	0	0	0	0	0
47967	CBC_142	0	0	73760	0	0	0	0	0	0	0	0	0	0
47941	CBC_116	0	0	8639	0	0	0	0	0	0	0	0	0	0
47910	CBC_085	0	0	13814	0	0	0	0	0	0	0	0	0	0
47878	CBC_053	0	0	176816	0	0	0	0	0	0	0	0	0	0
48051	CBC_226	0	0	122030	0	0	0	0	0	0	0	0	0	0
48048	CBC_223	0	0	101913	0	0	0	0	0	0	0	0	0	0
48019	CBC_194	0	0	9681	0	0	0	0	0	0	0	0	0	0
47896	CBC_071	0	0	109744	0	0	0	0	0	0	0	0	0	0
47993	CBC_168	0	0	73802	0	0	0	0	0	0	0	0	0	0
48057	CBC_232	0	0	48243	0	0	0	0	0	0	0	0	0	0
47922	CBC_097	0	0	166229	0	0	0	0	0	0	0	0	0	0
47854	CBC_029	0	0	10044	0	0	0	0	0	0	0	0	0	0
48009	CBC_184	0	0	77953	0	0	0	0	0	0	0	0	0	0
47830	CBC_005	0	0	134185	0	0	0	0	0	0	0	0	0	0
48007	CBC_182	0	0	117604	0	0	0	0	0	0	0	0	0	0
48000	CBC_175	0	0	130809	0	0	0	0	0	0	0	0	0	0
47970	CBC_145	0	0	153884	0	0	0	0	0	0	0	0	0	0
47965	CBC_140	0	0	182270	0	0	0	0	0	0	0	0	0	0
47911	CBC_086	0	0	110054	0	0	0	0	0	0	0	0	0	0
47899	CBC_074	0	0	127948	0	0	0	0	0	0	0	0	0	0
47885	CBC_060	0	0	130075	0	0	0	0	0	0	0	0	0	0
47961	CBC_136	0	0	199037	0	0	0	0	0	0	0	0	0	0
47912	CBC_087	0	0	99133	0	0	0	0	0	0	0	0	0	0
48064	CBC_240	0	0	133829	0	0	0	0	0	0	0	0	0	0
48059	CBC_234	0	0	311032	0	0	0	0	0	0	0	0	0	0
48045	CBC_220	0	0	5883	0	0	0	0	0	0	0	0	0	0
47942	CBC_117	0	0	134935	0	0	0	0	0	0	0	0	0	0
47863	CBC_038	0	0	161161	0	0	0	0	0	0	0	0	0	0
47998	CBC_173	0	0	100307	0	0	0	0	0	0	0	0	0	0
47978	CBC_153	0	0	79056	0	0	0	0	0	0	0	0	0	0
47954	CBC_129	0	0	134290	0	0	0	0	0	0	0	0	0	0
47937	CBC_112	0	0	17536	0	0	0	0	0	0	0	0	0	0
47944	CBC_119	0	0	214530	0	0	0	0	0	0	0	0	0	0
47933	CBC_108	0	0	173180	0	0	0	0	0	0	0	0	0	0
47992	CBC_167	0	0	141428	0	0	0	0	0	0	0	0	0	0
47968	CBC_143	0	0	110398	0	0	0	0	0	0	0	0	0	0
47919	CBC_094	0	0	133664	0	0	0	0	0	0	0	0	0	0
48061	CBC_237	0	0	96558	0	0	0	0	0	0	0	0	0	0
47943	CBC_118	0	0	27268	0	0	0	0	0	0	0	0	0	0
48005	CBC_180	0	0	171985	0	0	0	0	0	0	0	0	0	0
47976	CBC_151	0	0	65594	0	0	0	0	0	0	0	0	0	0
47959	CBC_134	0	0	8722	0	0	0	0	0	0	0	0	0	0
48027	CBC_202	0	0	191046	0	0	0	0	0	0	0	0	0	0
47946	CBC_121	0	0	107069	0	0	0	0	0	0	0	0	0	0
48021	CBC_196	0	0	137887	0	0	0	0	0	0	0	0	0	0
47920	CBC_095	0	0	98799	0	0	0	0	0	0	0	0	0	0
48002	CBC_177	0	0	63738	0	0	0	0	0	0	0	0	0	0
47916	CBC_091	0	0	91009	0	0	0	0	0	0	0	0	0	0
48062	CBC_238	0	0	84564	0	0	0	0	0	0	0	0	0	0
48013	CBC_188	0	0	202473	0	0	0	0	0	0	0	0	0	0
48001	CBC_176	0	0	119225	0	0	0	0	0	0	0	0	0	0
47981	CBC_156	0	0	111841	0	0	0	0	0	0	0	0	0	0
47835	CBC_010	0	0	200959	0	0	0	0	0	0	0	0	0	0
47927	CBC_102	0	0	46237	0	0	0	0	0	0	0	0	0	0
47995	CBC_170	0	0	104876	0	0	0	0	0	0	0	0	0	0
48066	CBC_242	0	0	52226	0	0	0	0	0	0	0	0	0	0
47972	CBC_147	0	0	58868	0	0	0	0	0	0	0	0	0	0
47884	CBC_059	0	0	94682	0	0	0	0	0	0	0	0	0	0
47849	CBC_024	0	0	104199	0	0	0	0	0	0	0	0	0	0
47853	CBC_028	0	0	147338	0	0	0	0	0	0	0	0	0	0
47875	CBC_050	0	0	141611	0	0	0	0	0	0	0	0	0	0
47880	CBC_055	0	0	128863	0	0	0	0	0	0	0	0	0	0
47873	CBC_048	0	0	154474	0	0	0	0	0	0	0	0	0	0
48055	CBC_230	0	0	100856	0	0	0	0	0	0	0	0	0	0
47934	CBC_109	0	0	11108	0	0	0	0	0	0	0	0	0	0
47876	CBC_051	0	0	240283	0	0	0	0	0	0	0	0	0	0
47889	CBC_064	0	0	76361	0	0	0	0	0	0	0	0	0	0
47990	CBC_165	0	0	179159	0	0	0	0	0	0	0	0	0	0
47973	CBC_148	0	0	154904	0	0	0	0	0	0	0	0	0	0
47904	CBC_079	0	0	76633	0	0	0	0	0	0	0	0	0	0
47856	CBC_031	0	0	83029	0	0	0	0	0	0	0	0	0	0
47924	CBC_099	0	0	154076	0	0	0	0	0	0	0	0	0	0
47836	CBC_011	0	0	163813	0	0	0	0	0	0	0	0	0	0
48035	CBC_210	0	0	75944	0	0	0	0	0	0	0	0	0	0
47888	CBC_063	0	0	225647	0	0	0	0	0	0	0	0	0	0
47838	CBC_013	0	0	236807	0	0	0	0	0	0	0	0	0	0
47928	CBC_103	0	0	11428	0	0	0	0	0	0	0	0	0	0
47855	CBC_030	0	0	22028	0	0	0	0	0	0	0	0	0	0
47926	CBC_101	0	0	118354	0	0	0	0	0	0	0	0	0	0
47865	CBC_040	0	0	150457	0	0	0	0	0	0	0	0	0	0
47913	CBC_088	0	0	12801	0	0	0	0	0	0	0	0	0	0
47907	CBC_082	0	0	100768	0	0	0	0	0	0	0	0	0	0
47935	CBC_110	0	0	166773	0	0	0	0	0	0	0	0	0	0
47831	CBC_006	0	0	130533	0	0	0	0	0	0	0	0	0	0
47858	CBC_033	0	0	144735	0	0	0	0	0	0	0	0	0	0
47833	CBC_008	0	0	167506	0	0	0	0	0	0	0	0	0	0
47840	CBC_015	0	0	373338	0	0	0	0	0	0	0	0	0	0
47862	CBC_037	0	0	81947	0	0	0	0	0	0	0	0	0	0
47925	CBC_100	0	0	93850	0	0	0	0	0	0	0	0	0	0
47938	CBC_113	0	0	157890	0	0	0	0	0	0	0	0	0	0
48054	CBC_229	0	0	82830	0	0	0	0	0	0	0	0	0	0
47868	CBC_043	0	0	150933	0	0	0	0	0	0	0	0	0	0
47850	CBC_025	0	0	108538	0	0	0	0	0	0	0	0	0	0
47908	CBC_083	0	0	113998	0	0	0	0	0	0	0	0	0	0
47986	CBC_161	0	0	193069	0	0	0	0	0	0	0	0	0	0
47979	CBC_154	0	0	139560	0	0	0	0	0	0	0	0	0	0
47857	CBC_032	0	0	94296	0	0	0	0	0	0	0	0	0	0
47867	CBC_042	0	0	0	131129	0	0	0	0	0	0	0	0	0
47844	CBC_019	0	0	0	116666	0	0	0	0	0	0	0	0	0
47958	CBC_133	0	0	0	84231	0	0	0	0	0	0	0	0	0
47898	CBC_073	0	0	0	66491	0	0	0	0	0	0	0	0	0
47869	CBC_044	0	0	0	5532	0	0	0	0	0	0	0	0	0
48024	CBC_199	0	0	0	140363	0	0	0	0	0	0	0	0	0
47877	CBC_052	0	0	0	113837	0	0	0	0	0	0	0	0	0
47879	CBC_054	0	0	0	120857	0	0	0	0	0	0	0	0	0
47929	CBC_104	0	0	0	66548	0	0	0	0	0	0	0	0	0
47921	CBC_096	0	0	0	59567	0	0	0	0	0	0	0	0	0
47881	CBC_056	0	0	0	121685	0	0	0	0	0	0	0	0	0
47848	CBC_023	0	0	0	154904	0	0	0	0	0	0	0	0	0
47846	CBC_021	0	0	0	318009	0	0	0	0	0	0	0	0	0
47903	CBC_078	0	0	0	87596	0	0	0	0	0	0	0	0	0
47914	CBC_089	0	0	0	26406	0	0	0	0	0	0	0	0	0
47947	CBC_122	0	0	0	134892	0	0	0	0	0	0	0	0	0
47861	CBC_036	0	0	0	70372	0	0	0	0	0	0	0	0	0
47918	CBC_093	0	0	0	140358	0	0	0	0	0	0	0	0	0
48060	CBC_236	0	0	0	153129	0	0	0	0	0	0	0	0	0
47969	CBC_144	0	0	0	0	22158	0	0	0	0	0	0	0	0
47851	CBC_026	0	0	0	0	62442	0	0	0	0	0	0	0	0
47866	CBC_041	0	0	0	0	50626	0	0	0	0	0	0	0	0
47982	CBC_157	0	0	0	0	100476	0	0	0	0	0	0	0	0
47909	CBC_084	0	0	0	0	31628	0	0	0	0	0	0	0	0
47985	CBC_160	0	0	0	0	125996	0	0	0	0	0	0	0	0
48004	CBC_179	0	0	0	0	156354	0	0	0	0	0	0	0	0
47864	CBC_039	0	0	0	0	141312	0	0	0	0	0	0	0	0
48012	CBC_187	0	0	0	0	93849	0	0	0	0	0	0	0	0
47827	CBC_002	0	0	0	0	122993	0	0	0	0	0	0	0	0
47977	CBC_152	0	0	0	0	100823	0	0	0	0	0	0	0	0
47984	CBC_159	0	0	0	0	87604	0	0	0	0	0	0	0	0
47974	CBC_149	0	0	0	0	64399	0	0	0	0	0	0	0	0
47939	CBC_114	0	0	0	0	126045	0	0	0	0	0	0	0	0
47860	CBC_035	0	0	0	0	132917	0	0	0	0	0	0	0	0
47901	CBC_076	0	0	0	0	163264	0	0	0	0	0	0	0	0
47882	CBC_057	0	108	0	0	52922	0	0	0	0	0	0	0	0
47883	CBC_058	0	0	0	0	69498	0	0	0	0	0	0	2640	0
47980	CBC_155	0	0	0	0	0	0	101323	0	0	0	0	0	0
48008	CBC_183	0	0	0	0	0	12408	61370	0	0	0	0	0	0
47988	CBC_163	0	0	0	0	0	0	0	75673	0	0	0	9414	0
47987	CBC_162	0	0	0	0	0	8560	0	64620	0	0	0	0	0
47859	CBC_034	0	0	0	0	0	7276	0	39171	0	0	0	0	0
47845	CBC_020	0	0	0	0	0	0	0	0	82274	0	0	0	45080
47852	CBC_027	0	0	0	0	0	0	0	0	0	149696	0	0	0
47870	CBC_045	0	0	0	0	0	0	0	0	0	154995	0	0	0
47940	CBC_115	0	0	0	0	0	0	0	0	0	124327	0	0	0
47905	CBC_080	0	0	28643	0	0	0	0	0	9952	0	82693	0	0
47923	CBC_098	0	0	0	0	0	0	13550	0	13969	0	40666	0	0
47945	CBC_120	343	0	0	0	0	21537	0	0	0	0	0	0	41179
Sequence accession / SymPortal UID		29206/40166	71507	32-2554-982-38767-1354-38269-71161	32/71399-2554-982-38767-53704-1354-38269-71161	32/53704-2554-71427-982-38767-1354	41	32-80	53704/32-71427	53704	32-2554-1354-982-38767-38269	71399	2-41	32
Average defining sequence proportions and [stdev]		0.626[0.240]/0.374[0.240]	1.000[nan]	0.406[0.079]-0.238[0.038]-0.114[0.021]-0.099[0.021]-0.061[0.011]-0.043[0.009]-0.041[0.011]	0.302[0.080]/0.179[0.046]-0.172[0.142]-0.090[0.025]-0.074[0.021]-0.075[0.054]-0.046[0.015]-0.033[0.011]-0.029[0.009]	0.344[0.078]/0.219[0.128]-0.154[0.068]-0.109[0.082]-0.071[0.033]-0.067[0.032]-0.038[0.015]	1.000[0.000]	0.913[0.031]-0.087[0.031]	0.465[0.173]/0.362[0.190]-0.173[0.018]	1.000[0.000]	0.785[0.031]-0.071[0.021]-0.048[0.005]-0.047[0.005]-0.025[0.006]-0.023[0.002]	1.000[0.000]	0.729[0.070]-0.271[0.070]	1.000[0.000]
Species references														
S. goreaui	"Trench, R. (2000). Validation of some currently used invalid names of dinoflagellates. Journal of Phycology 36(5): 972-972.	Trench, R. K. and R. J. Blank (1987). Symbiodinium microadriaticum Freudenthal, S. goreauii sp. nov., S. kawagutii sp. nov. and S. pilosum sp. nov.: Gymnodinioid dinoflagellate symbionts of marine invertebrates. Journal of Phycology 23(3): 469-481."													
S. linucheae	Trench, R. K. and L.-v. Thinh (1995). Gymnodinium linucheae sp. nov.: The dinoflagellate symbiont of the jellyfish Linuche unguiculata. European Journal of Phycology 30(2): 149-154.													
meta_info_summary	Stand_alone output by bcchume on 2019-03-11_01-11-25.143465; data_analysis ID: 62; Number of data_set objects as part of output = 1; Number of data_set objects as part of analysis = 42													
data_set_info	Data_set ID: 296; Data_set name: 20190307_eckert; submitting_user: not supplied; time_stamp: 2019-03-10_01-26-53.345406													
